[    [(617, 24, 26), (123, 36, 38), (341, 50, 52), (293, 78, 80), (38, 99, 100), (19, 103, 104), (753, 106, 108), (533, 127, 129)],
    [(565, 0, 2), (951, 41, 43), (354, 60, 62), (697, 68, 70), (58, 72, 73), (941, 84, 86), (529, 120, 122), (36, 133, 134)],
    [(1, 4, 4), (225, 10, 12), (73, 16, 17), (472, 37, 39), (920, 75, 77), (999, 80, 82), (646, 90, 92), (771, 95, 97), (433, 99, 101), (407, 108, 110), (405, 113, 115), (426, 129, 131)],
    [(227, 21, 23), (-113, 26, 29), (825, 42, 44), (348, 51, 53), (881, 57, 59), (603, 66, 68), (793, 85, 87), (235, 104, 106), (472, 122, 124), (82, 134, 135), (941, 137, 139)],
    [(360, 2, 4), (432, 7, 9), (997, 12, 14), (62, 70, 71), (702, 75, 77), (273, 115, 117)],
    [(833, 19, 21), (489, 23, 25), (176, 43, 45), (895, 49, 51), (503, 64, 66), (493, 82, 84), (929, 100, 102), (302, 120, 122), (492, 127, 129), (526, 131, 133)],
    [(85, 31, 32), (601, 56, 58), (386, 104, 106), (96, 117, 118), (613, 136, 138)],
    [(650, 5, 7), (360, 9, 11), (589, 19, 21), (221, 52, 54), (927, 70, 72), (941, 84, 86), (404, 89, 91), (669, 95, 97), (823, 112, 114), (360, 132, 134)],
    [(527, 1, 3), (919, 15, 17), (799, 35, 37), (485, 103, 105), (754, 121, 123)],
    [(187, 10, 12), (149, 23, 25), (653, 60, 62), (84, 71, 72), (120, 79, 81), (581, 108, 110), (574, 114, 116), (76, 118, 119), (287, 125, 127), (968, 130, 132)],
    [(26, 7, 8), (497, 27, 29), (254, 38, 40), (682, 52, 54), (236, 67, 69), (111, 96, 98)],
    [(79, 4, 5), (394, 13, 15), (112, 23, 25), (762, 31, 33), (847, 47, 49), (450, 63, 65), (495, 75, 77), (49, 89, 90), (213, 110, 112), (171, 132, 134)],
    [(136, 35, 37), (594, 42, 44), (134, 51, 53), (991, 71, 73), (292, 84, 86), (374, 104, 106), (123, 114, 116), (676, 123, 125)],
    [(957, 11, 13), (740, 20, 22), (631, 29, 